
154141941
808827182571286528
801874623176511488
34732500
174448496
978373146859507712
441120475
127558840
149560555
1003667507595661312
1003664684455792640
25216726
1002547959865708544
93609294
7916972
916325013065580545
2986930240
727041749663645696
185124389
385862312
2963530457
781094506858811392
982318810945355776
789208449762615296
1073332734
20437530
56792681
2484605214
954387584200970240
132043337
953058118778392578
953611837043544064
346635308
39176902
953995126875058176
57709158
3208060156
954179522756259841
954762891709829122
999816100924735488
954049653456109568
1001939173622726656
498000721
945757880040509440
54512531
2916846552
255943732
3308240727
2851561095
561461601
895130062630072320
121754659
2919018056
34421591
854426986059620353
1118251292
979172176132788224
574928730
149279002
191988919
